! nx 26 ny 26 xmin 0 xmax 5 ymin 0 ymax 5
1 1.01237 1.02269 1.03145 1.03896 1.04534 1.0506 1.05463 1.05722 1.05809 1.05692 1.05335 1.04702 1.03759 1.02476 1.00829 0.988013 0.963883 0.935977 0.904519 0.869908 0.832738 0.793695 0.752946 0.71049 0.666325 
1.01237 1.05076 1.07066 1.06088 1.05519 1.06279 1.0693 1.07455 1.07834 1.08035 1.08025 1.07768 1.07228 1.06371 1.05167 1.03594 1.01638 0.992959 0.965788 0.935127 0.901414 0.865289 0.82737 0.787742 0.746407 0.703363 
1.02269 1.07066 1.18573 1.23932 1.24079 1.20738 1.15821 1.11401 1.09689 1.10002 1.10096 1.09937 1.09486 1.08712 1.07584 1.06084 1.04197 1.01926 0.99282 0.962965 0.930171 0.895119 0.858321 0.819815 0.779601 0.737679 
1.03145 1.06088 1.23932 1.36015 1.41929 1.43829 1.423 1.38089 1.3208 1.25278 1.18784 1.13774 1.11475 1.10781 1.09728 1.08297 1.06479 1.04277 1.01707 0.988033 0.956184 0.922227 0.88655 0.849166 0.810073 0.769271 
1.03896 1.05519 1.24079 1.41929 1.47877 1.5045 1.51338 1.50491 1.47998 1.44066 1.39 1.33178 1.27031 1.21024 1.15628 1.11305 1.08482 1.06349 1.03853 1.01033 0.979458 0.946612 0.912057 0.875793 0.837821 0.798141 
1.04534 1.06279 1.20738 1.43829 1.5045 1.5 1.49468 1.48392 1.46594 1.44013 1.40687 1.36727 1.32296 1.27592 1.2282 1.18173 1.1381 1.09836 1.06278 1.03064 1 0.968274 0.934837 0.899686 0.862819 0.824231 
1.0506 1.0693 1.15821 1.423 1.51338 1.49468 1.52667 1.56076 1.57903 1.58112 1.56763 1.53991 1.49985 1.44962 1.39152 1.32773 1.26006 1.1898 1.11745 1.05191 1.01827 0.987343 0.955029 0.920992 0.885224 0.84772 
1.05463 1.07455 1.11401 1.38089 1.50491 1.48392 1.56076 1.67175 1.75202 1.79892 1.81378 1.79872 1.75636 1.68965 1.60165 1.49526 1.37308 1.23993 1.12023 1.05371 1.03617 1.00434 0.973159 0.940239 0.905572 0.86915 
1.05722 1.07834 1.09689 1.3208 1.47998 1.46594 1.57903 1.75202 1.8739 1.94351 1.96849 1.95222 1.89861 1.81188 1.69633 1.54887 1.37617 1.20896 1.09027 1.05878 1.05516 1.01968 0.989635 0.957825 0.924245 0.888888 
1.05809 1.08035 1.10002 1.25278 1.44066 1.44013 1.58112 1.79892 1.94351 2.0024 2.01227 1.98612 1.92964 1.8351 1.68884 1.50325 1.30781 1.14491 1.06564 1.06566 1.07584 1.03363 1.0047 0.973973 0.941457 0.907139 
1.05692 1.08025 1.10096 1.18784 1.39 1.40687 1.56763 1.81378 1.96849 2.01227 2 1.97095 1.90108 1.77515 1.59981 1.39935 1.21157 1.08363 1.05282 1.07488 1.09814 1.04628 1.01842 0.98876 0.957277 0.923965 
1.05335 1.07768 1.09937 1.13774 1.33178 1.36727 1.53991 1.79872 1.95222 1.98612 1.97095 1.91348 1.80738 1.6532 1.46616 1.27554 1.12058 1.04626 1.04207 1.08642 1.12142 1.05758 1.03078 1.00214 0.971658 0.939317 
1.04702 1.07228 1.09486 1.11475 1.27031 1.32296 1.49985 1.75636 1.89861 1.92964 1.90108 1.80738 1.66668 1.49802 1.32055 1.16167 1.05511 1.0236 1.03484 1.09988 1.14467 1.06742 1.04163 1.01398 0.984457 0.953052 
1.03759 1.06371 1.08712 1.10781 1.21024 1.27592 1.44962 1.68965 1.81188 1.8351 1.77515 1.6532 1.49802 1.33602 1.18903 1.07666 1.02026 1.0035 1.0323 1.1146 1.16664 1.08391 1.05076 1.02406 0.995468 0.964967 
1.02476 1.05167 1.07584 1.09728 1.15628 1.2282 1.39152 1.60165 1.69633 1.68884 1.59981 1.46616 1.32055 1.18903 1.0886 1.02612 0.997959 0.990124 1.03556 1.12987 1.18599 1.11119 1.0579 1.03213 1.00444 0.97482 
1.00829 1.03594 1.06084 1.08297 1.11305 1.18173 1.32773 1.49526 1.54887 1.50325 1.39935 1.27554 1.16167 1.07666 1.02612 1 0.981026 0.987689 1.04579 1.14501 1.20146 1.14312 1.06278 1.03792 1.01111 0.982357 
0.988013 1.01638 1.04197 1.06479 1.08482 1.1381 1.26006 1.37308 1.37617 1.30781 1.21157 1.12058 1.05511 1.02026 0.997959 0.981026 0.978184 1.00065 1.06438 1.1596 1.212 1.17376 1.06512 1.04115 1.01522 0.987336 
0.963883 0.992959 1.01926 1.04277 1.06349 1.09836 1.1898 1.23993 1.20896 1.14491 1.08363 1.04626 1.0236 1.0035 0.990124 0.987689 1.00065 1.03381 1.09309 1.17355 1.21692 1.19757 1.06466 1.04159 1.01656 0.989554 
0.935977 0.965788 0.99282 1.01707 1.03853 1.06278 1.11745 1.12023 1.09027 1.06564 1.05282 1.04207 1.03484 1.0323 1.03556 1.04579 1.06438 1.09309 1.13421 1.18733 1.21608 1.20952 1.06121 1.03907 1.01496 0.988872 
0.904519 0.935127 0.962965 0.988033 1.01033 1.03064 1.05191 1.05371 1.05878 1.06566 1.07488 1.08642 1.09988 1.1146 1.12987 1.14501 1.1596 1.17355 1.18733 1.20205 1.20999 1.20524 1.05464 1.03348 1.01035 0.98524 
0.869908 0.901414 0.930171 0.956184 0.979458 1 1.01827 1.03617 1.05516 1.07584 1.09814 1.12142 1.14467 1.16664 1.18599 1.20146 1.212 1.21692 1.21608 1.20999 1.2 1.18121 1.05139 1.02484 1.00276 0.978726 
0.832738 0.865289 0.895119 0.922227 0.946612 0.968274 0.987343 1.00434 1.01968 1.03363 1.04628 1.05758 1.06742 1.08391 1.11119 1.14312 1.17376 1.19757 1.20952 1.20524 1.18121 1.1349 1.0466 1.0133 0.992386 0.969535 
0.793695 0.82737 0.858321 0.88655 0.912057 0.934837 0.955029 0.973159 0.989635 1.0047 1.01842 1.03078 1.04163 1.05076 1.0579 1.06278 1.06512 1.06466 1.06121 1.05464 1.05139 1.0466 1.02423 0.999161 0.979553 0.95804 
0.752946 0.787742 0.819815 0.849166 0.875793 0.899686 0.920992 0.940239 0.957825 0.973973 0.98876 1.00214 1.01398 1.02406 1.03213 1.03792 1.04115 1.04159 1.03907 1.03348 1.02484 1.0133 0.999161 0.982886 0.964712 0.944641 
0.71049 0.746407 0.779601 0.810073 0.837821 0.862819 0.885224 0.905572 0.924245 0.941457 0.957277 0.971658 0.984457 0.995468 1.00444 1.01111 1.01522 1.01656 1.01496 1.01035 1.00276 0.992386 0.979553 0.964712 0.947978 0.929349 
0.666325 0.703363 0.737679 0.769271 0.798141 0.824231 0.84772 0.86915 0.888888 0.907139 0.923965 0.939317 0.953052 0.964967 0.97482 0.982357 0.987336 0.989554 0.988872 0.98524 0.978726 0.969535 0.95804 0.944641 0.929349 0.912162 
